3.110000000000000142e+01 2.603000000000000114e+01
3.507000000000000028e+01 2.760000000000000142e+01
3.117000000000000171e+01 2.750000000000000000e+01
3.246999999999999886e+01 2.687000000000000099e+01
3.180000000000000071e+01 2.707000000000000028e+01
3.342999999999999972e+01 2.932999999999999829e+01
2.867000000000000171e+01 2.546999999999999886e+01
2.923000000000000043e+01 2.600000000000000000e+01
2.982999999999999829e+01 2.660000000000000142e+01
3.019999999999999929e+01 2.689999999999999858e+01
3.372999999999999687e+01 2.776999999999999957e+01
3.180000000000000071e+01 2.780000000000000071e+01
3.176999999999999957e+01 2.773000000000000043e+01
3.420000000000000284e+01 2.730000000000000071e+01
3.560000000000000142e+01 2.817000000000000171e+01
3.176999999999999957e+01 2.819999999999999929e+01
3.592999999999999972e+01 3.026999999999999957e+01
3.357000000000000028e+01 2.787000000000000099e+01
3.207000000000000028e+01 2.717000000000000171e+01
4.207000000000000028e+01 2.782999999999999829e+01
3.017000000000000171e+01 2.587000000000000099e+01
3.332999999999999829e+01 2.946999999999999886e+01
3.663000000000000256e+01 2.812999999999999901e+01
3.217000000000000171e+01 2.823000000000000043e+01
3.477000000000000313e+01 2.930000000000000071e+01
3.157000000000000028e+01 2.676999999999999957e+01
3.092999999999999972e+01 2.673000000000000043e+01
2.987000000000000099e+01 2.653000000000000114e+01
3.196999999999999886e+01 2.839999999999999858e+01
3.169999999999999929e+01 2.739999999999999858e+01
3.977000000000000313e+01 3.046999999999999886e+01
3.379999999999999716e+01 2.889999999999999858e+01
3.303000000000000114e+01 2.832999999999999829e+01
3.967000000000000171e+01 2.996999999999999886e+01
3.457000000000000028e+01 2.826999999999999957e+01
3.446999999999999886e+01 2.789999999999999858e+01
3.457000000000000028e+01 2.910000000000000142e+01
3.260000000000000142e+01 2.550000000000000000e+01
3.529999999999999716e+01 3.050000000000000000e+01
3.279999999999999716e+01 2.907000000000000028e+01
3.392999999999999972e+01 2.619999999999999929e+01
3.123000000000000043e+01 2.792999999999999972e+01
3.332999999999999829e+01 2.707000000000000028e+01
3.073000000000000043e+01 2.642999999999999972e+01
3.019999999999999929e+01 2.689999999999999858e+01
3.507000000000000028e+01 2.882999999999999829e+01
3.632999999999999829e+01 2.819999999999999929e+01
3.150000000000000000e+01 2.762999999999999901e+01
3.096999999999999886e+01 2.732999999999999829e+01
3.342999999999999972e+01 2.646999999999999886e+01
3.310000000000000142e+01 2.803000000000000114e+01
3.617000000000000171e+01 2.962999999999999901e+01
3.400000000000000000e+01 2.826999999999999957e+01
3.107000000000000028e+01 2.669999999999999929e+01
3.692999999999999972e+01 2.926999999999999957e+01
3.257000000000000028e+01 2.889999999999999858e+01
3.696999999999999886e+01 2.987000000000000099e+01
3.479999999999999716e+01 2.957000000000000028e+01
3.629999999999999716e+01 2.946999999999999886e+01
3.073000000000000043e+01 2.689999999999999858e+01
3.420000000000000284e+01 2.982999999999999829e+01
3.646999999999999886e+01 2.980000000000000071e+01
3.242999999999999972e+01 2.700000000000000000e+01
3.363000000000000256e+01 2.826999999999999957e+01
3.650000000000000000e+01 2.889999999999999858e+01
3.439999999999999858e+01 2.937000000000000099e+01
3.596999999999999886e+01 2.912999999999999901e+01
3.222999999999999687e+01 2.626999999999999957e+01
3.736999999999999744e+01 3.139999999999999858e+01
3.439999999999999858e+01 2.726999999999999957e+01
3.732999999999999829e+01 2.937000000000000099e+01
3.250000000000000000e+01 2.773000000000000043e+01
3.367000000000000171e+01 2.960000000000000142e+01
3.153000000000000114e+01 2.780000000000000071e+01
3.732999999999999829e+01 3.157000000000000028e+01
3.339999999999999858e+01 2.980000000000000071e+01
3.279999999999999716e+01 2.762999999999999901e+01
3.503000000000000114e+01 2.976999999999999957e+01
3.386999999999999744e+01 2.926999999999999957e+01
3.432999999999999829e+01 2.907000000000000028e+01
3.820000000000000284e+01 3.146999999999999886e+01
3.903000000000000114e+01 3.300000000000000000e+01
3.813000000000000256e+01 3.023000000000000043e+01
3.357000000000000028e+01 2.989999999999999858e+01
3.436999999999999744e+01 2.950000000000000000e+01
3.510000000000000142e+01 2.889999999999999858e+01
3.379999999999999716e+01 2.987000000000000099e+01
3.527000000000000313e+01 2.837000000000000099e+01
3.150000000000000000e+01 2.789999999999999858e+01
3.682999999999999829e+01 3.080000000000000071e+01
3.839999999999999858e+01 3.307000000000000028e+01
3.717000000000000171e+01 3.037000000000000099e+01
3.972999999999999687e+01 3.442999999999999972e+01
4.150000000000000000e+01 3.279999999999999716e+01
3.842999999999999972e+01 3.220000000000000284e+01
3.910000000000000142e+01 3.432999999999999829e+01
3.989999999999999858e+01 3.250000000000000000e+01
3.850000000000000000e+01 3.436999999999999744e+01
3.920000000000000284e+01 3.053000000000000114e+01
3.877000000000000313e+01 3.026999999999999957e+01
3.803000000000000114e+01 3.392999999999999972e+01
3.932999999999999829e+01 3.317000000000000171e+01
3.596999999999999886e+01 3.096999999999999886e+01
4.013000000000000256e+01 3.400000000000000000e+01
3.970000000000000284e+01 3.196999999999999886e+01
3.610000000000000142e+01 3.222999999999999687e+01
3.536999999999999744e+01 3.053000000000000114e+01
3.429999999999999716e+01 3.067000000000000171e+01
3.477000000000000313e+01 3.062999999999999901e+01
3.650000000000000000e+01 3.176999999999999957e+01
3.520000000000000284e+01 3.142999999999999972e+01
3.627000000000000313e+01 3.117000000000000171e+01
3.689999999999999858e+01 3.026999999999999957e+01
4.329999999999999716e+01 3.592999999999999972e+01
3.503000000000000114e+01 3.126999999999999957e+01
3.703000000000000114e+01 3.307000000000000028e+01
3.620000000000000284e+01 3.229999999999999716e+01
3.860000000000000142e+01 3.350000000000000000e+01
3.607000000000000028e+01 3.217000000000000171e+01
3.542999999999999972e+01 3.162999999999999901e+01
4.096999999999999886e+01 3.386999999999999744e+01
3.600000000000000000e+01 3.137000000000000099e+01
3.732999999999999829e+01 3.332999999999999829e+01
4.010000000000000142e+01 3.492999999999999972e+01
3.739999999999999858e+01 3.229999999999999716e+01
3.792999999999999972e+01 3.227000000000000313e+01
3.432999999999999829e+01 3.062999999999999901e+01
3.589999999999999858e+01 3.123000000000000043e+01
3.477000000000000313e+01 3.050000000000000000e+01
3.560000000000000142e+01 3.182999999999999829e+01
3.253000000000000114e+01 2.900000000000000000e+01
3.596999999999999886e+01 2.860000000000000142e+01
3.407000000000000028e+01 3.046999999999999886e+01
3.370000000000000284e+01 3.010000000000000142e+01
3.386999999999999744e+01 2.787000000000000099e+01
3.707000000000000028e+01 2.912999999999999901e+01
3.667000000000000171e+01 3.103000000000000114e+01
3.346999999999999886e+01 2.942999999999999972e+01
3.546999999999999886e+01 3.139999999999999858e+01
3.500000000000000000e+01 3.060000000000000142e+01
3.300000000000000000e+01 2.939999999999999858e+01
3.417000000000000171e+01 3.057000000000000028e+01
3.180000000000000071e+01 2.823000000000000043e+01
3.213000000000000256e+01 2.869999999999999929e+01
3.403000000000000114e+01 3.012999999999999901e+01
3.429999999999999716e+01 3.000000000000000000e+01
3.182999999999999829e+01 2.826999999999999957e+01
3.107000000000000028e+01 2.782999999999999829e+01
3.360000000000000142e+01 2.846999999999999886e+01
3.082999999999999829e+01 2.757000000000000028e+01
3.270000000000000284e+01 2.917000000000000171e+01
3.663000000000000256e+01 3.019999999999999929e+01
3.107000000000000028e+01 2.687000000000000099e+01
3.582999999999999829e+01 3.196999999999999886e+01
3.889999999999999858e+01 3.100000000000000000e+01
3.236999999999999744e+01 2.867000000000000171e+01
3.363000000000000256e+01 2.853000000000000114e+01
3.080000000000000071e+01 2.760000000000000142e+01
3.123000000000000043e+01 2.607000000000000028e+01
2.880000000000000071e+01 2.567000000000000171e+01
3.042999999999999972e+01 2.667000000000000171e+01
2.830000000000000071e+01 2.462999999999999901e+01
2.950000000000000000e+01 2.562999999999999901e+01
2.880000000000000071e+01 2.517000000000000171e+01
2.796999999999999886e+01 2.512999999999999901e+01
3.042999999999999972e+01 2.510000000000000142e+01
3.357000000000000028e+01 2.550000000000000000e+01
2.853000000000000114e+01 2.292999999999999972e+01
3.192999999999999972e+01 2.430000000000000071e+01
2.839999999999999858e+01 2.423000000000000043e+01
2.696999999999999886e+01 2.310000000000000142e+01
2.392999999999999972e+01 2.137000000000000099e+01
2.669999999999999929e+01 2.367000000000000171e+01
2.939999999999999858e+01 2.253000000000000114e+01
2.830000000000000071e+01 2.342999999999999972e+01
2.610000000000000142e+01 2.192999999999999972e+01
2.692999999999999972e+01 2.317000000000000171e+01
2.410000000000000142e+01 2.123000000000000043e+01
2.623000000000000043e+01 2.342999999999999972e+01
2.903000000000000114e+01 2.226999999999999957e+01
2.676999999999999957e+01 2.087000000000000099e+01
2.423000000000000043e+01 2.062999999999999901e+01
3.007000000000000028e+01 2.123000000000000043e+01
2.612999999999999901e+01 2.050000000000000000e+01
2.389999999999999858e+01 2.050000000000000000e+01
2.630000000000000071e+01 2.192999999999999972e+01
2.392999999999999972e+01 2.062999999999999901e+01
2.310000000000000142e+01 2.023000000000000043e+01
2.526999999999999957e+01 2.046999999999999886e+01
2.517000000000000171e+01 2.007000000000000028e+01
2.237000000000000099e+01 1.996999999999999886e+01
2.967000000000000171e+01 2.132999999999999829e+01
2.350000000000000000e+01 1.969999999999999929e+01
2.480000000000000071e+01 1.987000000000000099e+01
2.830000000000000071e+01 1.989999999999999858e+01
2.573000000000000043e+01 1.887000000000000099e+01
2.437000000000000099e+01 1.957000000000000028e+01
2.112999999999999901e+01 1.900000000000000000e+01
2.612999999999999901e+01 1.900000000000000000e+01
2.557000000000000028e+01 2.010000000000000142e+01
2.242999999999999972e+01 2.003000000000000114e+01
2.550000000000000000e+01 2.042999999999999972e+01
2.276999999999999957e+01 1.807000000000000028e+01
2.430000000000000071e+01 1.942999999999999972e+01
2.339999999999999858e+01 1.962999999999999901e+01
2.426999999999999957e+01 1.842999999999999972e+01
2.330000000000000071e+01 1.930000000000000071e+01
2.046999999999999886e+01 1.837000000000000099e+01
2.182999999999999829e+01 1.800000000000000000e+01
2.039999999999999858e+01 1.823000000000000043e+01
2.069999999999999929e+01 1.862999999999999901e+01
2.107000000000000028e+01 1.707000000000000028e+01
2.330000000000000071e+01 1.850000000000000000e+01
1.962999999999999901e+01 1.753000000000000114e+01
1.992999999999999972e+01 1.762999999999999901e+01
2.323000000000000043e+01 1.846999999999999886e+01
2.119999999999999929e+01 1.830000000000000071e+01
2.569999999999999929e+01 1.800000000000000000e+01
1.942999999999999972e+01 1.696999999999999886e+01
2.046999999999999886e+01 1.826999999999999957e+01
2.080000000000000071e+01 1.660000000000000142e+01
2.380000000000000071e+01 1.823000000000000043e+01
1.926999999999999957e+01 1.726999999999999957e+01
1.900000000000000000e+01 1.650000000000000000e+01
2.246999999999999886e+01 1.826999999999999957e+01
1.989999999999999858e+01 1.723000000000000043e+01
2.096999999999999886e+01 1.789999999999999858e+01
2.492999999999999972e+01 1.887000000000000099e+01
2.039999999999999858e+01 1.823000000000000043e+01
1.812999999999999901e+01 1.619999999999999929e+01
2.007000000000000028e+01 1.673000000000000043e+01
2.089999999999999858e+01 1.563000000000000078e+01
1.780000000000000071e+01 1.540000000000000036e+01
1.812999999999999901e+01 1.547000000000000064e+01
1.837000000000000099e+01 1.502999999999999936e+01
1.653000000000000114e+01 1.426999999999999957e+01
1.639999999999999858e+01 1.416999999999999993e+01
1.792999999999999972e+01 1.509999999999999964e+01
1.773000000000000043e+01 1.373000000000000043e+01
2.082999999999999829e+01 1.450000000000000000e+01
2.082999999999999829e+01 1.390000000000000036e+01
1.580000000000000071e+01 1.407000000000000028e+01
1.926999999999999957e+01 1.369999999999999929e+01
1.533000000000000007e+01 1.290000000000000036e+01
1.386999999999999922e+01 1.250000000000000000e+01
1.717000000000000171e+01 1.426999999999999957e+01
1.573000000000000043e+01 1.350000000000000000e+01
1.509999999999999964e+01 1.350000000000000000e+01
1.946999999999999886e+01 1.363000000000000078e+01
1.780000000000000071e+01 1.309999999999999964e+01
1.430000000000000071e+01 1.242999999999999972e+01
1.707000000000000028e+01 1.413000000000000078e+01
1.552999999999999936e+01 1.313000000000000078e+01
1.687000000000000099e+01 1.309999999999999964e+01
1.880000000000000071e+01 1.402999999999999936e+01
1.650000000000000000e+01 1.276999999999999957e+01
1.657000000000000028e+01 1.330000000000000071e+01
1.459999999999999964e+01 1.263000000000000078e+01
1.717000000000000171e+01 1.297000000000000064e+01
1.523000000000000043e+01 1.340000000000000036e+01
1.459999999999999964e+01 1.297000000000000064e+01
1.939999999999999858e+01 1.359999999999999964e+01
1.689999999999999858e+01 1.502999999999999936e+01
1.680000000000000071e+01 1.457000000000000028e+01
1.960000000000000142e+01 1.383000000000000007e+01
1.837000000000000099e+01 1.392999999999999972e+01
1.667000000000000171e+01 1.326999999999999957e+01
1.662999999999999901e+01 1.392999999999999972e+01
1.776999999999999957e+01 1.309999999999999964e+01
1.903000000000000114e+01 1.242999999999999972e+01
1.383000000000000007e+01 1.202999999999999936e+01
1.466999999999999993e+01 1.163000000000000078e+01
1.607000000000000028e+01 1.102999999999999936e+01
1.569999999999999929e+01 1.102999999999999936e+01
1.507000000000000028e+01 1.076999999999999957e+01
1.457000000000000028e+01 1.086999999999999922e+01
1.352999999999999936e+01 9.970000000000000639e+00
1.573000000000000043e+01 9.699999999999999289e+00
1.497000000000000064e+01 1.050000000000000000e+01
1.116999999999999993e+01 8.099999999999999645e+00
1.147000000000000064e+01 8.929999999999999716e+00
1.357000000000000028e+01 8.900000000000000355e+00
1.612999999999999901e+01 8.669999999999999929e+00
1.330000000000000071e+01 8.130000000000000782e+00
1.400000000000000000e+01 7.230000000000000426e+00
7.000000000000000000e+00 6.269999999999999574e+00
1.030000000000000071e+01 5.830000000000000071e+00
1.009999999999999964e+01 6.669999999999999929e+00
1.073000000000000043e+01 6.830000000000000071e+00
9.730000000000000426e+00 6.400000000000000355e+00
9.099999999999999645e+00 6.000000000000000000e+00
8.300000000000000711e+00 5.530000000000000249e+00
1.190000000000000036e+01 6.099999999999999645e+00
1.340000000000000036e+01 6.599999999999999645e+00
8.570000000000000284e+00 6.129999999999999893e+00
1.682999999999999829e+01 6.700000000000000178e+00
1.302999999999999936e+01 6.669999999999999929e+00
1.016999999999999993e+01 6.500000000000000000e+00
1.323000000000000043e+01 7.400000000000000355e+00
9.800000000000000711e+00 7.269999999999999574e+00
9.830000000000000071e+00 6.570000000000000284e+00
1.083000000000000007e+01 7.000000000000000000e+00
9.429999999999999716e+00 6.669999999999999929e+00
1.252999999999999936e+01 7.830000000000000071e+00
1.086999999999999922e+01 7.500000000000000000e+00
1.026999999999999957e+01 6.669999999999999929e+00
8.070000000000000284e+00 5.700000000000000178e+00
8.500000000000000000e+00 5.700000000000000178e+00
1.433000000000000007e+01 5.929999999999999716e+00
1.019999999999999929e+01 6.030000000000000249e+00
1.152999999999999936e+01 5.700000000000000178e+00
8.169999999999999929e+00 6.030000000000000249e+00
1.257000000000000028e+01 5.500000000000000000e+00
9.429999999999999716e+00 6.099999999999999645e+00
1.107000000000000028e+01 6.669999999999999929e+00
9.900000000000000355e+00 6.400000000000000355e+00
1.307000000000000028e+01 6.799999999999999822e+00
9.169999999999999929e+00 6.169999999999999929e+00
1.102999999999999936e+01 6.669999999999999929e+00
1.466999999999999993e+01 7.070000000000000284e+00
1.342999999999999972e+01 6.929999999999999716e+00
1.066999999999999993e+01 7.629999999999999893e+00
1.316999999999999993e+01 6.000000000000000000e+00
1.063000000000000078e+01 6.230000000000000426e+00
1.526999999999999957e+01 7.169999999999999929e+00
1.040000000000000036e+01 6.900000000000000355e+00
1.023000000000000043e+01 7.370000000000000107e+00
1.419999999999999929e+01 7.629999999999999893e+00
1.013000000000000078e+01 7.400000000000000355e+00
1.252999999999999936e+01 7.129999999999999893e+00
1.530000000000000071e+01 7.269999999999999574e+00
1.042999999999999972e+01 6.429999999999999716e+00
1.097000000000000064e+01 7.070000000000000284e+00
1.519999999999999929e+01 7.429999999999999716e+00
1.023000000000000043e+01 7.099999999999999645e+00
1.059999999999999964e+01 6.370000000000000107e+00
1.209999999999999964e+01 7.030000000000000249e+00
1.163000000000000078e+01 5.870000000000000107e+00
1.266999999999999993e+01 7.669999999999999929e+00
1.502999999999999936e+01 7.330000000000000071e+00
1.076999999999999957e+01 7.000000000000000000e+00
1.263000000000000078e+01 7.400000000000000355e+00
1.280000000000000071e+01 7.870000000000000107e+00
1.100000000000000000e+01 7.669999999999999929e+00
1.300000000000000000e+01 7.599999999999999645e+00
1.710000000000000142e+01 8.029999999999999361e+00
1.430000000000000071e+01 7.969999999999999751e+00
2.132999999999999829e+01 8.000000000000000000e+00
1.326999999999999957e+01 7.669999999999999929e+00
1.492999999999999972e+01 7.269999999999999574e+00
1.169999999999999929e+01 7.400000000000000355e+00
1.202999999999999936e+01 7.299999999999999822e+00
1.223000000000000043e+01 7.799999999999999822e+00
1.436999999999999922e+01 7.400000000000000355e+00
1.673000000000000043e+01 7.400000000000000355e+00
1.002999999999999936e+01 7.099999999999999645e+00
1.566999999999999993e+01 7.669999999999999929e+00
1.233000000000000007e+01 7.830000000000000071e+00
1.300000000000000000e+01 8.029999999999999361e+00
1.190000000000000036e+01 8.300000000000000711e+00
1.390000000000000036e+01 1.009999999999999964e+01
1.123000000000000043e+01 9.769999999999999574e+00
1.030000000000000071e+01 8.300000000000000711e+00
1.880000000000000071e+01 1.036999999999999922e+01
1.869999999999999929e+01 1.083000000000000007e+01
1.632999999999999829e+01 1.113000000000000078e+01
1.213000000000000078e+01 1.009999999999999964e+01
1.826999999999999957e+01 1.057000000000000028e+01
1.657000000000000028e+01 1.026999999999999957e+01
1.386999999999999922e+01 1.100000000000000000e+01
1.746999999999999886e+01 1.052999999999999936e+01
1.583000000000000007e+01 9.300000000000000711e+00
1.373000000000000043e+01 1.019999999999999929e+01
1.213000000000000078e+01 1.019999999999999929e+01
1.452999999999999936e+01 9.470000000000000639e+00
1.780000000000000071e+01 1.107000000000000028e+01
1.580000000000000071e+01 1.002999999999999936e+01
1.776999999999999957e+01 1.190000000000000036e+01
2.217000000000000171e+01 1.230000000000000071e+01
1.817000000000000171e+01 1.200000000000000000e+01
2.076999999999999957e+01 1.292999999999999972e+01
1.823000000000000043e+01 1.150000000000000000e+01
1.867000000000000171e+01 1.350000000000000000e+01
1.676999999999999957e+01 1.240000000000000036e+01
1.626999999999999957e+01 1.157000000000000028e+01
1.533000000000000007e+01 1.290000000000000036e+01
1.862999999999999901e+01 1.183000000000000007e+01
1.937000000000000099e+01 1.497000000000000064e+01
1.976999999999999957e+01 1.642999999999999972e+01
1.967000000000000171e+01 1.507000000000000028e+01
3.067000000000000171e+01 1.569999999999999929e+01
2.526999999999999957e+01 1.787000000000000099e+01
2.219999999999999929e+01 1.452999999999999936e+01
2.267000000000000171e+01 1.502999999999999936e+01
2.176999999999999957e+01 1.442999999999999972e+01
1.819999999999999929e+01 1.507000000000000028e+01
1.850000000000000000e+01 1.452999999999999936e+01
1.732999999999999829e+01 1.442999999999999972e+01
1.953000000000000114e+01 1.480000000000000071e+01
1.889999999999999858e+01 1.507000000000000028e+01
1.680000000000000071e+01 1.423000000000000043e+01
1.780000000000000071e+01 1.447000000000000064e+01
2.362999999999999901e+01 1.586999999999999922e+01
1.903000000000000114e+01 1.576999999999999957e+01
1.719999999999999929e+01 1.533000000000000007e+01
1.846999999999999886e+01 1.380000000000000071e+01
1.760000000000000142e+01 1.473000000000000043e+01
2.142999999999999972e+01 1.632999999999999829e+01
1.900000000000000000e+01 1.559999999999999964e+01
2.389999999999999858e+01 1.623000000000000043e+01
2.137000000000000099e+01 1.623000000000000043e+01
2.142999999999999972e+01 1.486999999999999922e+01
2.012999999999999901e+01 1.569999999999999929e+01
2.173000000000000043e+01 1.746999999999999886e+01
2.273000000000000043e+01 1.826999999999999957e+01
2.692999999999999972e+01 1.782999999999999829e+01
1.953000000000000114e+01 1.632999999999999829e+01
2.510000000000000142e+01 1.896999999999999886e+01
2.117000000000000171e+01 1.723000000000000043e+01
2.139999999999999858e+01 1.862999999999999901e+01
2.039999999999999858e+01 1.819999999999999929e+01
2.339999999999999858e+01 1.923000000000000043e+01
2.160000000000000142e+01 1.867000000000000171e+01
2.932999999999999829e+01 2.319999999999999929e+01
3.660000000000000142e+01 2.882999999999999829e+01
2.923000000000000043e+01 2.242999999999999972e+01
2.453000000000000114e+01 2.107000000000000028e+01
2.632999999999999829e+01 1.992999999999999972e+01
2.717000000000000171e+01 2.169999999999999929e+01
2.246999999999999886e+01 2.019999999999999929e+01
2.462999999999999901e+01 2.192999999999999972e+01
2.842999999999999972e+01 2.210000000000000142e+01
2.580000000000000071e+01 2.087000000000000099e+01
2.782999999999999829e+01 2.160000000000000142e+01
2.846999999999999886e+01 2.069999999999999929e+01
3.023000000000000043e+01 2.257000000000000028e+01
2.862999999999999901e+01 2.112999999999999901e+01
2.517000000000000171e+01 2.162999999999999901e+01
2.719999999999999929e+01 2.230000000000000071e+01
2.600000000000000000e+01 2.112999999999999901e+01
2.846999999999999886e+01 2.196999999999999886e+01
2.517000000000000171e+01 2.003000000000000114e+01
3.037000000000000099e+01 2.392999999999999972e+01
3.017000000000000171e+01 2.310000000000000142e+01
2.676999999999999957e+01 2.237000000000000099e+01
2.742999999999999972e+01 2.123000000000000043e+01
2.942999999999999972e+01 2.307000000000000028e+01
2.437000000000000099e+01 2.176999999999999957e+01
2.619999999999999929e+01 2.339999999999999858e+01
2.626999999999999957e+01 2.346999999999999886e+01
2.650000000000000000e+01 2.273000000000000043e+01
2.842999999999999972e+01 2.423000000000000043e+01
2.819999999999999929e+01 2.353000000000000114e+01
2.657000000000000028e+01 2.337000000000000099e+01
2.657000000000000028e+01 2.326999999999999957e+01
3.003000000000000114e+01 2.482999999999999829e+01
2.876999999999999957e+01 2.457000000000000028e+01
3.150000000000000000e+01 2.519999999999999929e+01
2.926999999999999957e+01 2.450000000000000000e+01
2.792999999999999972e+01 2.423000000000000043e+01
2.932999999999999829e+01 2.532999999999999829e+01
3.657000000000000028e+01 2.903000000000000114e+01
3.653000000000000114e+01 3.277000000000000313e+01
3.050000000000000000e+01 2.730000000000000071e+01
2.930000000000000071e+01 2.619999999999999929e+01
3.069999999999999929e+01 2.512999999999999901e+01
3.167000000000000171e+01 2.396999999999999886e+01
3.192999999999999972e+01 2.839999999999999858e+01
2.773000000000000043e+01 2.482999999999999829e+01
3.236999999999999744e+01 2.817000000000000171e+01
3.432999999999999829e+01 2.850000000000000000e+01
3.162999999999999901e+01 2.812999999999999901e+01
3.146999999999999886e+01 2.810000000000000142e+01
3.653000000000000114e+01 2.996999999999999886e+01
3.130000000000000071e+01 2.789999999999999858e+01
4.107000000000000028e+01 3.046999999999999886e+01
3.457000000000000028e+01 3.103000000000000114e+01
3.363000000000000256e+01 3.003000000000000114e+01
3.770000000000000284e+01 3.279999999999999716e+01
3.370000000000000284e+01 2.876999999999999957e+01
3.563000000000000256e+01 3.169999999999999929e+01
3.403000000000000114e+01 3.032999999999999829e+01
3.117000000000000171e+01 2.787000000000000099e+01
3.532999999999999829e+01 3.003000000000000114e+01
3.477000000000000313e+01 3.096999999999999886e+01
3.300000000000000000e+01 2.903000000000000114e+01
3.629999999999999716e+01 3.076999999999999957e+01
3.507000000000000028e+01 3.046999999999999886e+01
3.500000000000000000e+01 3.117000000000000171e+01
3.407000000000000028e+01 3.046999999999999886e+01
3.357000000000000028e+01 2.967000000000000171e+01
3.660000000000000142e+01 3.217000000000000171e+01
3.427000000000000313e+01 3.046999999999999886e+01
3.553000000000000114e+01 3.173000000000000043e+01
3.553000000000000114e+01 3.139999999999999858e+01
3.786999999999999744e+01 3.176999999999999957e+01
3.650000000000000000e+01 3.213000000000000256e+01
3.807000000000000028e+01 3.203000000000000114e+01
3.342999999999999972e+01 3.000000000000000000e+01
3.996999999999999886e+01 3.289999999999999858e+01
3.417000000000000171e+01 2.887000000000000099e+01
3.627000000000000313e+01 3.232999999999999829e+01
4.882999999999999829e+01 3.917000000000000171e+01
4.182999999999999829e+01 3.553000000000000114e+01
3.903000000000000114e+01 3.422999999999999687e+01
4.042999999999999972e+01 3.582999999999999829e+01
3.572999999999999687e+01 3.176999999999999957e+01
3.836999999999999744e+01 3.342999999999999972e+01
3.863000000000000256e+01 3.357000000000000028e+01
3.613000000000000256e+01 3.232999999999999829e+01
3.970000000000000284e+01 3.277000000000000313e+01
3.757000000000000028e+01 3.363000000000000256e+01
3.646999999999999886e+01 3.263000000000000256e+01
3.879999999999999716e+01 3.417000000000000171e+01
3.813000000000000256e+01 3.389999999999999858e+01
3.782999999999999829e+01 3.389999999999999858e+01
3.853000000000000114e+01 3.432999999999999829e+01
3.920000000000000284e+01 3.496999999999999886e+01
4.120000000000000284e+01 3.310000000000000142e+01
4.122999999999999687e+01 3.400000000000000000e+01
3.820000000000000284e+01 3.400000000000000000e+01
3.882999999999999829e+01 3.500000000000000000e+01
3.892999999999999972e+01 3.479999999999999716e+01
3.692999999999999972e+01 3.303000000000000114e+01
4.072999999999999687e+01 3.460000000000000142e+01
3.986999999999999744e+01 3.546999999999999886e+01
4.129999999999999716e+01 3.529999999999999716e+01
3.892999999999999972e+01 3.436999999999999744e+01
4.032999999999999829e+01 3.400000000000000000e+01
3.989999999999999858e+01 3.527000000000000313e+01
3.986999999999999744e+01 3.557000000000000028e+01
4.036999999999999744e+01 3.500000000000000000e+01
4.253000000000000114e+01 3.482999999999999829e+01
3.789999999999999858e+01 3.403000000000000114e+01
3.879999999999999716e+01 3.470000000000000284e+01
3.977000000000000313e+01 3.563000000000000256e+01
3.713000000000000256e+01 3.310000000000000142e+01
4.310000000000000142e+01 3.757000000000000028e+01
3.913000000000000256e+01 3.422999999999999687e+01
3.879999999999999716e+01 3.479999999999999716e+01
4.139999999999999858e+01 3.642999999999999972e+01
4.103000000000000114e+01 3.500000000000000000e+01
3.770000000000000284e+01 3.360000000000000142e+01
3.896999999999999886e+01 3.496999999999999886e+01
3.896999999999999886e+01 3.489999999999999858e+01
4.032999999999999829e+01 3.617000000000000171e+01
